0 55 49 14 0 
0 52 19 2 1
0 42 19 47 2
0 60 44 6 17
0 60 1 9 18
0 42 25 43 24
0 42 14 16 26
0 52 9 1 26
0 52 2 20 29
0 52 7 3 29
0 42 23 2 29
0 60 18 7 31
0 42 7 10 36
0 42 53 8 40
0 42 5 8 41
0 55 7 5 42
0 42 17 30 56
0 52 4 6 58
0 52 13 1 60
0 52 73 13 62
0 52 3 8 63
0 55 21 10 64
0 60 31 2 71
0 42 37 7 72
0 42 54 50 76
0 42 31 15 76
0 55 37 21 80
0 60 6 10 85
0 60 7 13 88
0 42 15 41 109
1 49 19 13 4
1 46 15 14 4
1 29 31 24 14
1 46 50 20 30
1 28 18 13 32
1 49 22 1 37
1 46 16 26 43
1 29 6 18 43
1 49 15 60 46
1 28 17 18 52
1 28 7 3 53
1 29 8 5 62
1 46 4 22 65
1 29 2 21 66
1 28 4 38 67
1 28 15 12 68
1 29 7 2 72
1 46 31 24 74
1 46 8 22 79
1 46 17 4 92
1 29 11 2 95
1 49 92 3 95
1 46 19 1 96
1 28 38 8 103
2 3 2 19 0
2 57 1 8 3
2 57 22 1 8
2 34 45 7 15
2 34 9 28 15
2 34 44 1 15
2 57 37 18 15
2 57 31 23 23
2 50 42 10 25
2 50 51 25 26
2 57 3 4 31
2 34 3 3 33
2 34 52 15 41
2 50 36 22 43
2 34 13 6 47
2 57 19 2 47
2 57 25 23 57
2 57 3 4 58
2 3 1 5 59
2 3 22 3 64
2 57 4 6 67
2 50 46 2 76
2 57 8 41 81
2 57 26 10 86
2 3 18 4 86
2 3 1 52 90
2 50 51 9 96
2 50 1 14 96
2 50 25 3 96
2 57 12 10 99
2 3 4 55 99
2 57 2 3 101
3 53 2 4 1
3 33 15 1 2
3 53 2 11 8
3 33 1 20 11
3 27 5 7 11
3 53 16 2 17
3 45 5 7 18
3 53 21 36 20
3 53 57 10 29
3 33 19 2 43
3 33 2 5 54
3 53 20 12 58
3 53 5 8 58
3 45 4 21 61
3 33 8 17 69
3 33 18 18 69
3 33 7 40 69
3 33 12 16 76
3 27 9 7 76
3 33 5 14 79
3 45 5 6 82
3 53 31 5 82
3 27 14 15 89
3 53 27 26 93
3 45 31 19 94
3 53 8 17 94
3 27 13 6 94
3 27 4 3 94
3 33 1 24 96
3 33 22 8 97
3 53 37 36 103
