0 16 2 4 4
0 22 7 10 9
0 22 2 9 10
0 20 5 9 16
0 22 6 2 22
1 7 2 9 58
1 32 9 2 67
1 32 3 6 68
1 11 2 6 73
2 21 4 13 120
2 21 5 2 127
2 27 6 9 138
2 2 1 20 140
2 2 11 5 142
2 34 1 6 144
2 2 17 13 146
2 2 5 3 152
2 34 2 6 156
2 2 2 6 177
3 29 2 2 151
3 4 1 4 153
3 25 1 11 155
3 30 1 1 156
3 29 8 4 156
3 4 3 5 157
3 4 2 29 161
3 30 7 5 161
3 30 1 16 165
3 25 6 17 170
3 30 7 5 175
3 30 3 13 179
3 25 12 15 188
3 29 6 2 193
3 25 1 10 196
3 4 10 17 208
3 30 11 4 210
3 29 4 11 213
3 30 4 32 214
3 29 1 2 218
3 25 3 7 224
3 4 11 18 230
3 29 1 4 232
3 25 4 23 243
3 4 2 14 260
3 4 5 31 263
3 25 5 8 264
3 4 3 1 266
3 25 2 5 273
3 29 2 12 274
3 30 1 21 283
3 30 6 1 289
3 29 1 35 290
3 29 2 4 290
3 30 8 5 291
3 29 2 8 297
3 25 9 11 307
3 25 1 3 310
3 30 4 8 311
3 30 8 5 316
3 4 1 2 318
3 30 3 2 320
