0 24 2
0 25 2
0 26 2
0 27 2 
0 28 2
0 29 2
0 30 2
0 31 2
0 32 2
0 33 2
0 34 2
0 35 2
0 36 2
0 37 2
0 38 2
0 39 2
0 40 2
0 41 2
0 42 2
0 43 2
0 44 2
0 45 2
0 46 2
0 47 2
0 48 2
0 49 2
0 50 2
0 51 2
0 52 2
0 53 2
0 54 2
0 55 2
1 24 2
1 25 2
1 26 2
1 27 2	
1 28 2
1 29 2
1 30 2
1 31 2
1 32 2
1 33 2
1 34 2
1 35 2  
1 36 2
1 37 2
1 38 2
1 39 2
1 40 2
1 41 2
1 42 2
1 43 2
1 44 2
1 45 2
1 46 2
1 47 2
1 48 2
1 49 2
1 50 2
1 51 2  
1 52 2
1 53 2
1 54 2
1 55 2
2 24 2
2 25 2
2 26 2
2 27 2	
2 28 2
2 29 2
2 30 2
2 31 2
2 32 2
2 33 2
2 34 2
2 35 2  
2 36 2
2 37 2
2 38 2
2 39 2
2 40 2
2 41 2
2 42 2
2 43 2
2 44 2
2 45 2
2 46 2
2 47 2
2 48 2
2 49 2
2 50 2
2 51 2  
2 52 2
2 53 2
2 54 2
2 55 2
3 24 2
3 25 2
3 26 2
3 27 2	
3 28 2
3 29 2
3 30 2
3 31 2
3 32 2
3 33 2
3 34 2
3 35 2  
3 36 2
3 37 2
3 38 2
3 39 2
3 40 2
3 41 2
3 42 2
3 43 2
3 44 2
3 45 2
3 46 2
3 47 2
3 48 2
3 49 2
3 50 2
3 51 2  
3 52 2
3 53 2
3 54 2
3 55 2
